# 		   x			 rho			  ux			   p
-4.99500E-01	+1.00000E+00	-2.00000E+00	+4.00000E-01
-4.98500E-01	+1.00000E+00	-2.00000E+00	+4.00000E-01
-4.97500E-01	+1.00000E+00	-2.00000E+00	+4.00000E-01
-4.96500E-01	+1.00000E+00	-2.00000E+00	+4.00000E-01
-4.95500E-01	+1.00000E+00	-2.00000E+00	+4.00000E-01
-4.94500E-01	+1.00000E+00	-2.00000E+00	+4.00000E-01
-4.93500E-01	+1.00000E+00	-2.00000E+00	+4.00000E-01
-4.92500E-01	+1.00000E+00	-2.00000E+00	+4.00000E-01
-4.91500E-01	+1.00000E+00	-2.00000E+00	+4.00000E-01
-4.90500E-01	+1.00000E+00	-2.00000E+00	+4.00000E-01
-4.89500E-01	+1.00000E+00	-2.00000E+00	+4.00000E-01
-4.88500E-01	+1.00000E+00	-2.00000E+00	+4.00000E-01
-4.87500E-01	+1.00000E+00	-2.00000E+00	+4.00000E-01
-4.86500E-01	+1.00000E+00	-2.00000E+00	+4.00000E-01
-4.85500E-01	+1.00000E+00	-2.00000E+00	+4.00000E-01
-4.84500E-01	+1.00000E+00	-2.00000E+00	+4.00000E-01
-4.83500E-01	+1.00000E+00	-2.00000E+00	+4.00000E-01
-4.82500E-01	+1.00000E+00	-2.00000E+00	+4.00000E-01
-4.81500E-01	+1.00000E+00	-2.00000E+00	+4.00000E-01
-4.80500E-01	+1.00000E+00	-2.00000E+00	+4.00000E-01
-4.79500E-01	+1.00000E+00	-2.00000E+00	+4.00000E-01
-4.78500E-01	+1.00000E+00	-2.00000E+00	+4.00000E-01
-4.77500E-01	+1.00000E+00	-2.00000E+00	+4.00000E-01
-4.76500E-01	+1.00000E+00	-2.00000E+00	+4.00000E-01
-4.75500E-01	+1.00000E+00	-2.00000E+00	+4.00000E-01
-4.74500E-01	+1.00000E+00	-2.00000E+00	+4.00000E-01
-4.73500E-01	+1.00000E+00	-2.00000E+00	+4.00000E-01
-4.72500E-01	+1.00000E+00	-2.00000E+00	+4.00000E-01
-4.71500E-01	+1.00000E+00	-2.00000E+00	+4.00000E-01
-4.70500E-01	+1.00000E+00	-2.00000E+00	+4.00000E-01
-4.69500E-01	+1.00000E+00	-2.00000E+00	+4.00000E-01
-4.68500E-01	+1.00000E+00	-2.00000E+00	+4.00000E-01
-4.67500E-01	+1.00000E+00	-2.00000E+00	+4.00000E-01
-4.66500E-01	+1.00000E+00	-2.00000E+00	+4.00000E-01
-4.65500E-01	+1.00000E+00	-2.00000E+00	+4.00000E-01
-4.64500E-01	+1.00000E+00	-2.00000E+00	+4.00000E-01
-4.63500E-01	+1.00000E+00	-2.00000E+00	+4.00000E-01
-4.62500E-01	+1.00000E+00	-2.00000E+00	+4.00000E-01
-4.61500E-01	+1.00000E+00	-2.00000E+00	+4.00000E-01
-4.60500E-01	+1.00000E+00	-2.00000E+00	+4.00000E-01
-4.59500E-01	+1.00000E+00	-2.00000E+00	+4.00000E-01
-4.58500E-01	+1.00000E+00	-2.00000E+00	+4.00000E-01
-4.57500E-01	+1.00000E+00	-2.00000E+00	+4.00000E-01
-4.56500E-01	+1.00000E+00	-2.00000E+00	+4.00000E-01
-4.55500E-01	+1.00000E+00	-2.00000E+00	+4.00000E-01
-4.54500E-01	+1.00000E+00	-2.00000E+00	+4.00000E-01
-4.53500E-01	+1.00000E+00	-2.00000E+00	+4.00000E-01
-4.52500E-01	+1.00000E+00	-2.00000E+00	+4.00000E-01
-4.51500E-01	+1.00000E+00	-2.00000E+00	+4.00000E-01
-4.50500E-01	+1.00000E+00	-2.00000E+00	+4.00000E-01
-4.49500E-01	+1.00000E+00	-2.00000E+00	+4.00000E-01
-4.48500E-01	+1.00000E+00	-2.00000E+00	+4.00000E-01
-4.47500E-01	+1.00000E+00	-2.00000E+00	+4.00000E-01
-4.46500E-01	+1.00000E+00	-2.00000E+00	+4.00000E-01
-4.45500E-01	+1.00000E+00	-2.00000E+00	+4.00000E-01
-4.44500E-01	+1.00000E+00	-2.00000E+00	+4.00000E-01
-4.43500E-01	+1.00000E+00	-2.00000E+00	+4.00000E-01
-4.42500E-01	+1.00000E+00	-2.00000E+00	+4.00000E-01
-4.41500E-01	+1.00000E+00	-2.00000E+00	+4.00000E-01
-4.40500E-01	+1.00000E+00	-2.00000E+00	+4.00000E-01
-4.39500E-01	+1.00000E+00	-2.00000E+00	+4.00000E-01
-4.38500E-01	+1.00000E+00	-2.00000E+00	+4.00000E-01
-4.37500E-01	+1.00000E+00	-2.00000E+00	+4.00000E-01
-4.36500E-01	+1.00000E+00	-2.00000E+00	+4.00000E-01
-4.35500E-01	+1.00000E+00	-2.00000E+00	+4.00000E-01
-4.34500E-01	+1.00000E+00	-2.00000E+00	+4.00000E-01
-4.33500E-01	+1.00000E+00	-2.00000E+00	+4.00000E-01
-4.32500E-01	+1.00000E+00	-2.00000E+00	+4.00000E-01
-4.31500E-01	+1.00000E+00	-2.00000E+00	+4.00000E-01
-4.30500E-01	+1.00000E+00	-2.00000E+00	+4.00000E-01
-4.29500E-01	+1.00000E+00	-2.00000E+00	+4.00000E-01
-4.28500E-01	+1.00000E+00	-2.00000E+00	+4.00000E-01
-4.27500E-01	+1.00000E+00	-2.00000E+00	+4.00000E-01
-4.26500E-01	+1.00000E+00	-2.00000E+00	+4.00000E-01
-4.25500E-01	+1.00000E+00	-2.00000E+00	+4.00000E-01
-4.24500E-01	+1.00000E+00	-2.00000E+00	+4.00000E-01
-4.23500E-01	+1.00000E+00	-2.00000E+00	+4.00000E-01
-4.22500E-01	+1.00000E+00	-2.00000E+00	+4.00000E-01
-4.21500E-01	+1.00000E+00	-2.00000E+00	+4.00000E-01
-4.20500E-01	+1.00000E+00	-2.00000E+00	+4.00000E-01
-4.19500E-01	+1.00000E+00	-2.00000E+00	+4.00000E-01
-4.18500E-01	+1.00000E+00	-2.00000E+00	+4.00000E-01
-4.17500E-01	+1.00000E+00	-2.00000E+00	+4.00000E-01
-4.16500E-01	+1.00000E+00	-2.00000E+00	+4.00000E-01
-4.15500E-01	+1.00000E+00	-2.00000E+00	+4.00000E-01
-4.14500E-01	+1.00000E+00	-2.00000E+00	+4.00000E-01
-4.13500E-01	+1.00000E+00	-2.00000E+00	+4.00000E-01
-4.12500E-01	+1.00000E+00	-2.00000E+00	+4.00000E-01
-4.11500E-01	+9.94447E-01	-3.99167E-01	+3.96893E-01
-4.10500E-01	+9.87078E-01	-3.98056E-01	+3.92782E-01
-4.09500E-01	+9.79752E-01	-3.96945E-01	+3.88707E-01
-4.08500E-01	+9.72471E-01	-3.95834E-01	+3.84669E-01
-4.07500E-01	+9.65232E-01	-3.94723E-01	+3.80666E-01
-4.06500E-01	+9.58037E-01	-3.93611E-01	+3.76700E-01
-4.05500E-01	+9.50885E-01	-3.92500E-01	+3.72768E-01
-4.04500E-01	+9.43776E-01	-3.91389E-01	+3.68872E-01
-4.03500E-01	+9.36709E-01	-3.90278E-01	+3.65011E-01
-4.02500E-01	+9.29684E-01	-3.89167E-01	+3.61185E-01
-4.01500E-01	+9.22702E-01	-3.88056E-01	+3.57393E-01
-4.00500E-01	+9.15762E-01	-3.86945E-01	+3.53635E-01
-3.99500E-01	+9.08864E-01	-3.85834E-01	+3.49911E-01
-3.98500E-01	+9.02007E-01	-3.84723E-01	+3.46221E-01
-3.97500E-01	+8.95191E-01	-3.83611E-01	+3.42564E-01
-3.96500E-01	+8.88417E-01	-3.82500E-01	+3.38941E-01
-3.95500E-01	+8.81684E-01	-3.81389E-01	+3.35350E-01
-3.94500E-01	+8.74992E-01	-3.80278E-01	+3.31792E-01
-3.93500E-01	+8.68341E-01	-3.79167E-01	+3.28266E-01
-3.92500E-01	+8.61730E-01	-3.78056E-01	+3.24773E-01
-3.91500E-01	+8.55160E-01	-3.76945E-01	+3.21311E-01
-3.90500E-01	+8.48629E-01	-3.75834E-01	+3.17881E-01
-3.89500E-01	+8.42139E-01	-3.74723E-01	+3.14483E-01
-3.88500E-01	+8.35688E-01	-3.73611E-01	+3.11116E-01
-3.87500E-01	+8.29277E-01	-3.72500E-01	+3.07779E-01
-3.86500E-01	+8.22905E-01	-3.71389E-01	+3.04474E-01
-3.85500E-01	+8.16573E-01	-3.70278E-01	+3.01199E-01
-3.84500E-01	+8.10279E-01	-3.69167E-01	+2.97954E-01
-3.83500E-01	+8.04025E-01	-3.68056E-01	+2.94739E-01
-3.82500E-01	+7.97809E-01	-3.66945E-01	+2.91554E-01
-3.81500E-01	+7.91632E-01	-3.65834E-01	+2.88398E-01
-3.80500E-01	+7.85493E-01	-3.64723E-01	+2.85272E-01
-3.79500E-01	+7.79392E-01	-3.63611E-01	+2.82175E-01
-3.78500E-01	+7.73329E-01	-3.62500E-01	+2.79106E-01
-3.77500E-01	+7.67304E-01	-3.61389E-01	+2.76067E-01
-3.76500E-01	+7.61316E-01	-3.60278E-01	+2.73056E-01
-3.75500E-01	+7.55366E-01	-3.59167E-01	+2.70072E-01
-3.74500E-01	+7.49453E-01	-3.58056E-01	+2.67117E-01
-3.73500E-01	+7.43577E-01	-3.56945E-01	+2.64190E-01
-3.72500E-01	+7.37739E-01	-3.55834E-01	+2.61290E-01
-3.71500E-01	+7.31936E-01	-3.54723E-01	+2.58418E-01
-3.70500E-01	+7.26171E-01	-3.53611E-01	+2.55573E-01
-3.69500E-01	+7.20442E-01	-3.52500E-01	+2.52754E-01
-3.68500E-01	+7.14749E-01	-3.51389E-01	+2.49962E-01
-3.67500E-01	+7.09092E-01	-3.50278E-01	+2.47197E-01
-3.66500E-01	+7.03471E-01	-3.49167E-01	+2.44458E-01
-3.65500E-01	+6.97886E-01	-3.48056E-01	+2.41745E-01
-3.64500E-01	+6.92336E-01	-3.46945E-01	+2.39058E-01
-3.63500E-01	+6.86821E-01	-3.45834E-01	+2.36397E-01
-3.62500E-01	+6.81342E-01	-3.44723E-01	+2.33761E-01
-3.61500E-01	+6.75898E-01	-3.43611E-01	+2.31150E-01
-3.60500E-01	+6.70489E-01	-3.42500E-01	+2.28564E-01
-3.59500E-01	+6.65114E-01	-3.41389E-01	+2.26003E-01
-3.58500E-01	+6.59774E-01	-3.40278E-01	+2.23467E-01
-3.57500E-01	+6.54468E-01	-3.39167E-01	+2.20955E-01
-3.56500E-01	+6.49197E-01	-3.38056E-01	+2.18467E-01
-3.55500E-01	+6.43959E-01	-3.36945E-01	+2.16004E-01
-3.54500E-01	+6.38755E-01	-3.35834E-01	+2.13564E-01
-3.53500E-01	+6.33585E-01	-3.34723E-01	+2.11148E-01
-3.52500E-01	+6.28449E-01	-3.33611E-01	+2.08756E-01
-3.51500E-01	+6.23346E-01	-3.32500E-01	+2.06386E-01
-3.50500E-01	+6.18276E-01	-3.31389E-01	+2.04040E-01
-3.49500E-01	+6.13239E-01	-3.30278E-01	+2.01717E-01
-3.48500E-01	+6.08235E-01	-3.29167E-01	+1.99416E-01
-3.47500E-01	+6.03264E-01	-3.28056E-01	+1.97138E-01
-3.46500E-01	+5.98325E-01	-3.26945E-01	+1.94882E-01
-3.45500E-01	+5.93419E-01	-3.25834E-01	+1.92649E-01
-3.44500E-01	+5.88545E-01	-3.24723E-01	+1.90437E-01
-3.43500E-01	+5.83703E-01	-3.23611E-01	+1.88247E-01
-3.42500E-01	+5.78893E-01	-3.22500E-01	+1.86079E-01
-3.41500E-01	+5.74114E-01	-3.21389E-01	+1.83932E-01
-3.40500E-01	+5.69368E-01	-3.20278E-01	+1.81807E-01
-3.39500E-01	+5.64652E-01	-3.19167E-01	+1.79702E-01
-3.38500E-01	+5.59969E-01	-3.18056E-01	+1.77619E-01
-3.37500E-01	+5.55316E-01	-3.16945E-01	+1.75556E-01
-3.36500E-01	+5.50694E-01	-3.15834E-01	+1.73514E-01
-3.35500E-01	+5.46103E-01	-3.14723E-01	+1.71492E-01
-3.34500E-01	+5.41543E-01	-3.13611E-01	+1.69491E-01
-3.33500E-01	+5.37013E-01	-3.12500E-01	+1.67509E-01
-3.32500E-01	+5.32513E-01	-3.11389E-01	+1.65547E-01
-3.31500E-01	+5.28044E-01	-3.10278E-01	+1.63606E-01
-3.30500E-01	+5.23605E-01	-3.09167E-01	+1.61683E-01
-3.29500E-01	+5.19196E-01	-3.08056E-01	+1.59780E-01
-3.28500E-01	+5.14816E-01	-3.06945E-01	+1.57897E-01
-3.27500E-01	+5.10466E-01	-3.05834E-01	+1.56032E-01
-3.26500E-01	+5.06146E-01	-3.04723E-01	+1.54186E-01
-3.25500E-01	+5.01854E-01	-3.03611E-01	+1.52359E-01
-3.24500E-01	+4.97592E-01	-3.02500E-01	+1.50551E-01
-3.23500E-01	+4.93359E-01	-3.01389E-01	+1.48761E-01
-3.22500E-01	+4.89155E-01	-3.00278E-01	+1.46989E-01
-3.21500E-01	+4.84980E-01	-2.99167E-01	+1.45236E-01
-3.20500E-01	+4.80833E-01	-2.98056E-01	+1.43500E-01
-3.19500E-01	+4.76714E-01	-2.96945E-01	+1.41782E-01
-3.18500E-01	+4.72624E-01	-2.95834E-01	+1.40082E-01
-3.17500E-01	+4.68562E-01	-2.94723E-01	+1.38399E-01
-3.16500E-01	+4.64528E-01	-2.93611E-01	+1.36734E-01
-3.15500E-01	+4.60522E-01	-2.92500E-01	+1.35086E-01
-3.14500E-01	+4.56543E-01	-2.91389E-01	+1.33455E-01
-3.13500E-01	+4.52592E-01	-2.90278E-01	+1.31841E-01
-3.12500E-01	+4.48669E-01	-2.89167E-01	+1.30243E-01
-3.11500E-01	+4.44772E-01	-2.88056E-01	+1.28663E-01
-3.10500E-01	+4.40903E-01	-2.86945E-01	+1.27098E-01
-3.09500E-01	+4.37061E-01	-2.85834E-01	+1.25550E-01
-3.08500E-01	+4.33245E-01	-2.84723E-01	+1.24019E-01
-3.07500E-01	+4.29456E-01	-2.83611E-01	+1.22503E-01
-3.06500E-01	+4.25694E-01	-2.82500E-01	+1.21003E-01
-3.05500E-01	+4.21958E-01	-2.81389E-01	+1.19519E-01
-3.04500E-01	+4.18249E-01	-2.80278E-01	+1.18051E-01
-3.03500E-01	+4.14566E-01	-2.79167E-01	+1.16598E-01
-3.02500E-01	+4.10908E-01	-2.78056E-01	+1.15160E-01
-3.01500E-01	+4.07277E-01	-2.76945E-01	+1.13738E-01
-3.00500E-01	+4.03671E-01	-2.75834E-01	+1.12331E-01
-2.99500E-01	+4.00091E-01	-2.74723E-01	+1.10938E-01
-2.98500E-01	+3.96536E-01	-2.73611E-01	+1.09561E-01
-2.97500E-01	+3.93006E-01	-2.72500E-01	+1.08198E-01
-2.96500E-01	+3.89502E-01	-2.71389E-01	+1.06850E-01
-2.95500E-01	+3.86023E-01	-2.70278E-01	+1.05516E-01
-2.94500E-01	+3.82569E-01	-2.69167E-01	+1.04196E-01
-2.93500E-01	+3.79139E-01	-2.68056E-01	+1.02891E-01
-2.92500E-01	+3.75734E-01	-2.66945E-01	+1.01600E-01
-2.91500E-01	+3.72354E-01	-2.65834E-01	+1.00322E-01
-2.90500E-01	+3.68998E-01	-2.64723E-01	+9.90588E-02
-2.89500E-01	+3.65666E-01	-2.63611E-01	+9.78089E-02
-2.88500E-01	+3.62358E-01	-2.62500E-01	+9.65725E-02
-2.87500E-01	+3.59074E-01	-2.61389E-01	+9.53495E-02
-2.86500E-01	+3.55815E-01	-2.60278E-01	+9.41398E-02
-2.85500E-01	+3.52578E-01	-2.59167E-01	+9.29433E-02
-2.84500E-01	+3.49366E-01	-2.58056E-01	+9.17599E-02
-2.83500E-01	+3.46177E-01	-2.56945E-01	+9.05894E-02
-2.82500E-01	+3.43011E-01	-2.55834E-01	+8.94317E-02
-2.81500E-01	+3.39869E-01	-2.54723E-01	+8.82867E-02
-2.80500E-01	+3.36749E-01	-2.53611E-01	+8.71543E-02
-2.79500E-01	+3.33653E-01	-2.52500E-01	+8.60344E-02
-2.78500E-01	+3.30579E-01	-2.51389E-01	+8.49269E-02
-2.77500E-01	+3.27528E-01	-2.50278E-01	+8.38315E-02
-2.76500E-01	+3.24499E-01	-2.49167E-01	+8.27484E-02
-2.75500E-01	+3.21493E-01	-2.48056E-01	+8.16772E-02
-2.74500E-01	+3.18510E-01	-2.46945E-01	+8.06179E-02
-2.73500E-01	+3.15548E-01	-2.45834E-01	+7.95705E-02
-2.72500E-01	+3.12609E-01	-2.44723E-01	+7.85347E-02
-2.71500E-01	+3.09691E-01	-2.43611E-01	+7.75105E-02
-2.70500E-01	+3.06796E-01	-2.42500E-01	+7.64978E-02
-2.69500E-01	+3.03922E-01	-2.41389E-01	+7.54964E-02
-2.68500E-01	+3.01069E-01	-2.40278E-01	+7.45063E-02
-2.67500E-01	+2.98238E-01	-2.39167E-01	+7.35274E-02
-2.66500E-01	+2.95429E-01	-2.38056E-01	+7.25595E-02
-2.65500E-01	+2.92640E-01	-2.36945E-01	+7.16025E-02
-2.64500E-01	+2.89873E-01	-2.35834E-01	+7.06564E-02
-2.63500E-01	+2.87127E-01	-2.34723E-01	+6.97210E-02
-2.62500E-01	+2.84401E-01	-2.33611E-01	+6.87962E-02
-2.61500E-01	+2.81697E-01	-2.32500E-01	+6.78820E-02
-2.60500E-01	+2.79013E-01	-2.31389E-01	+6.69782E-02
-2.59500E-01	+2.76349E-01	-2.30278E-01	+6.60847E-02
-2.58500E-01	+2.73706E-01	-2.29167E-01	+6.52015E-02
-2.57500E-01	+2.71083E-01	-2.28056E-01	+6.43284E-02
-2.56500E-01	+2.68480E-01	-2.26945E-01	+6.34654E-02
-2.55500E-01	+2.65897E-01	-2.25834E-01	+6.26123E-02
-2.54500E-01	+2.63334E-01	-2.24723E-01	+6.17690E-02
-2.53500E-01	+2.60791E-01	-2.23611E-01	+6.09355E-02
-2.52500E-01	+2.58268E-01	-2.22500E-01	+6.01117E-02
-2.51500E-01	+2.55764E-01	-2.21389E-01	+5.92974E-02
-2.50500E-01	+2.53280E-01	-2.20278E-01	+5.84926E-02
-2.49500E-01	+2.50815E-01	-2.19167E-01	+5.76972E-02
-2.48500E-01	+2.48369E-01	-2.18056E-01	+5.69111E-02
-2.47500E-01	+2.45942E-01	-2.16945E-01	+5.61341E-02
-2.46500E-01	+2.43535E-01	-2.15834E-01	+5.53663E-02
-2.45500E-01	+2.41146E-01	-2.14723E-01	+5.46075E-02
-2.44500E-01	+2.38776E-01	-2.13611E-01	+5.38576E-02
-2.43500E-01	+2.36425E-01	-2.12500E-01	+5.31166E-02
-2.42500E-01	+2.34092E-01	-2.11389E-01	+5.23843E-02
-2.41500E-01	+2.31778E-01	-2.10278E-01	+5.16607E-02
-2.40500E-01	+2.29482E-01	-2.09167E-01	+5.09457E-02
-2.39500E-01	+2.27204E-01	-2.08056E-01	+5.02392E-02
-2.38500E-01	+2.24944E-01	-2.06945E-01	+4.95411E-02
-2.37500E-01	+2.22703E-01	-2.05834E-01	+4.88513E-02
-2.36500E-01	+2.20479E-01	-2.04723E-01	+4.81698E-02
-2.35500E-01	+2.18273E-01	-2.03611E-01	+4.74964E-02
-2.34500E-01	+2.16085E-01	-2.02500E-01	+4.68312E-02
-2.33500E-01	+2.13915E-01	-2.01389E-01	+4.61739E-02
-2.32500E-01	+2.11761E-01	-2.00278E-01	+4.55245E-02
-2.31500E-01	+2.09626E-01	-1.99167E-01	+4.48830E-02
-2.30500E-01	+2.07507E-01	-1.98056E-01	+4.42493E-02
-2.29500E-01	+2.05406E-01	-1.96945E-01	+4.36232E-02
-2.28500E-01	+2.03322E-01	-1.95834E-01	+4.30048E-02
-2.27500E-01	+2.01254E-01	-1.94723E-01	+4.23939E-02
-2.26500E-01	+1.99204E-01	-1.93611E-01	+4.17904E-02
-2.25500E-01	+1.97170E-01	-1.92500E-01	+4.11943E-02
-2.24500E-01	+1.95153E-01	-1.91389E-01	+4.06055E-02
-2.23500E-01	+1.93152E-01	-1.90278E-01	+4.00240E-02
-2.22500E-01	+1.91168E-01	-1.89167E-01	+3.94496E-02
-2.21500E-01	+1.89201E-01	-1.88056E-01	+3.88823E-02
-2.20500E-01	+1.87249E-01	-1.86945E-01	+3.83220E-02
-2.19500E-01	+1.85314E-01	-1.85834E-01	+3.77686E-02
-2.18500E-01	+1.83394E-01	-1.84723E-01	+3.72221E-02
-2.17500E-01	+1.81491E-01	-1.83611E-01	+3.66823E-02
-2.16500E-01	+1.79603E-01	-1.82500E-01	+3.61493E-02
-2.15500E-01	+1.77732E-01	-1.81389E-01	+3.56230E-02
-2.14500E-01	+1.75875E-01	-1.80278E-01	+3.51032E-02
-2.13500E-01	+1.74035E-01	-1.79167E-01	+3.45900E-02
-2.12500E-01	+1.72210E-01	-1.78056E-01	+3.40832E-02
-2.11500E-01	+1.70400E-01	-1.76945E-01	+3.35827E-02
-2.10500E-01	+1.68605E-01	-1.75834E-01	+3.30886E-02
-2.09500E-01	+1.66826E-01	-1.74723E-01	+3.26008E-02
-2.08500E-01	+1.65061E-01	-1.73611E-01	+3.21191E-02
-2.07500E-01	+1.63312E-01	-1.72500E-01	+3.16435E-02
-2.06500E-01	+1.61577E-01	-1.71389E-01	+3.11740E-02
-2.05500E-01	+1.59857E-01	-1.70278E-01	+3.07104E-02
-2.04500E-01	+1.58152E-01	-1.69167E-01	+3.02528E-02
-2.03500E-01	+1.56462E-01	-1.68056E-01	+2.98010E-02
-2.02500E-01	+1.54786E-01	-1.66945E-01	+2.93550E-02
-2.01500E-01	+1.53124E-01	-1.65834E-01	+2.89148E-02
-2.00500E-01	+1.51477E-01	-1.64723E-01	+2.84802E-02
-1.99500E-01	+1.49843E-01	-1.63611E-01	+2.80513E-02
-1.98500E-01	+1.48224E-01	-1.62500E-01	+2.76279E-02
-1.97500E-01	+1.46619E-01	-1.61389E-01	+2.72099E-02
-1.96500E-01	+1.45028E-01	-1.60278E-01	+2.67975E-02
-1.95500E-01	+1.43451E-01	-1.59167E-01	+2.63903E-02
-1.94500E-01	+1.41888E-01	-1.58056E-01	+2.59885E-02
-1.93500E-01	+1.40338E-01	-1.56945E-01	+2.55920E-02
-1.92500E-01	+1.38801E-01	-1.55834E-01	+2.52006E-02
-1.91500E-01	+1.37279E-01	-1.54723E-01	+2.48144E-02
-1.90500E-01	+1.35769E-01	-1.53611E-01	+2.44333E-02
-1.89500E-01	+1.34273E-01	-1.52500E-01	+2.40572E-02
-1.88500E-01	+1.32790E-01	-1.51389E-01	+2.36861E-02
-1.87500E-01	+1.31321E-01	-1.50278E-01	+2.33199E-02
-1.86500E-01	+1.29864E-01	-1.49167E-01	+2.29585E-02
-1.85500E-01	+1.28420E-01	-1.48056E-01	+2.26020E-02
-1.84500E-01	+1.26989E-01	-1.46945E-01	+2.22502E-02
-1.83500E-01	+1.25571E-01	-1.45834E-01	+2.19031E-02
-1.82500E-01	+1.24166E-01	-1.44723E-01	+2.15607E-02
-1.81500E-01	+1.22773E-01	-1.43611E-01	+2.12229E-02
-1.80500E-01	+1.21393E-01	-1.42500E-01	+2.08896E-02
-1.79500E-01	+1.20025E-01	-1.41389E-01	+2.05608E-02
-1.78500E-01	+1.18670E-01	-1.40278E-01	+2.02365E-02
-1.77500E-01	+1.17327E-01	-1.39167E-01	+1.99166E-02
-1.76500E-01	+1.15996E-01	-1.38056E-01	+1.96010E-02
-1.75500E-01	+1.14677E-01	-1.36945E-01	+1.92897E-02
-1.74500E-01	+1.13370E-01	-1.35834E-01	+1.89826E-02
-1.73500E-01	+1.12075E-01	-1.34723E-01	+1.86798E-02
-1.72500E-01	+1.10792E-01	-1.33611E-01	+1.83811E-02
-1.71500E-01	+1.09521E-01	-1.32500E-01	+1.80865E-02
-1.70500E-01	+1.08261E-01	-1.31389E-01	+1.77959E-02
-1.69500E-01	+1.07013E-01	-1.30278E-01	+1.75094E-02
-1.68500E-01	+1.05777E-01	-1.29167E-01	+1.72268E-02
-1.67500E-01	+1.04552E-01	-1.28056E-01	+1.69482E-02
-1.66500E-01	+1.03338E-01	-1.26945E-01	+1.66734E-02
-1.65500E-01	+1.02136E-01	-1.25834E-01	+1.64025E-02
-1.64500E-01	+1.00945E-01	-1.24723E-01	+1.61353E-02
-1.63500E-01	+9.97648E-02	-1.23611E-01	+1.58719E-02
-1.62500E-01	+9.85959E-02	-1.22500E-01	+1.56121E-02
-1.61500E-01	+9.74380E-02	-1.21389E-01	+1.53561E-02
-1.60500E-01	+9.62910E-02	-1.20278E-01	+1.51036E-02
-1.59500E-01	+9.51548E-02	-1.19167E-01	+1.48547E-02
-1.58500E-01	+9.40294E-02	-1.18056E-01	+1.46093E-02
-1.57500E-01	+9.29147E-02	-1.16945E-01	+1.43674E-02
-1.56500E-01	+9.18105E-02	-1.15834E-01	+1.41289E-02
-1.55500E-01	+9.07169E-02	-1.14723E-01	+1.38939E-02
-1.54500E-01	+8.96337E-02	-1.13611E-01	+1.36622E-02
-1.53500E-01	+8.85609E-02	-1.12500E-01	+1.34338E-02
-1.52500E-01	+8.74984E-02	-1.11389E-01	+1.32087E-02
-1.51500E-01	+8.64461E-02	-1.10278E-01	+1.29868E-02
-1.50500E-01	+8.54040E-02	-1.09167E-01	+1.27682E-02
-1.49500E-01	+8.43719E-02	-1.08056E-01	+1.25527E-02
-1.48500E-01	+8.33498E-02	-1.06945E-01	+1.23403E-02
-1.47500E-01	+8.23377E-02	-1.05834E-01	+1.21310E-02
-1.46500E-01	+8.13354E-02	-1.04723E-01	+1.19248E-02
-1.45500E-01	+8.03429E-02	-1.03611E-01	+1.17216E-02
-1.44500E-01	+7.93602E-02	-1.02500E-01	+1.15214E-02
-1.43500E-01	+7.83870E-02	-1.01389E-01	+1.13241E-02
-1.42500E-01	+7.74235E-02	-1.00278E-01	+1.11297E-02
-1.41500E-01	+7.64694E-02	-9.91670E-02	+1.09381E-02
-1.40500E-01	+7.55247E-02	-9.80559E-02	+1.07494E-02
-1.39500E-01	+7.45895E-02	-9.69448E-02	+1.05635E-02
-1.38500E-01	+7.36635E-02	-9.58336E-02	+1.03804E-02
-1.37500E-01	+7.27467E-02	-9.47225E-02	+1.02000E-02
-1.36500E-01	+7.18391E-02	-9.36114E-02	+1.00222E-02
-1.35500E-01	+7.09405E-02	-9.25003E-02	+9.84719E-03
-1.34500E-01	+7.00510E-02	-9.13892E-02	+9.67476E-03
-1.33500E-01	+6.91704E-02	-9.02781E-02	+9.50492E-03
-1.32500E-01	+6.82987E-02	-8.91670E-02	+9.33765E-03
-1.31500E-01	+6.74358E-02	-8.80559E-02	+9.17291E-03
-1.30500E-01	+6.65817E-02	-8.69448E-02	+9.01066E-03
-1.29500E-01	+6.57362E-02	-8.58336E-02	+8.85088E-03
-1.28500E-01	+6.48993E-02	-8.47225E-02	+8.69353E-03
-1.27500E-01	+6.40710E-02	-8.36114E-02	+8.53859E-03
-1.26500E-01	+6.32512E-02	-8.25003E-02	+8.38602E-03
-1.25500E-01	+6.24398E-02	-8.13892E-02	+8.23580E-03
-1.24500E-01	+6.16367E-02	-8.02781E-02	+8.08788E-03
-1.23500E-01	+6.08419E-02	-7.91670E-02	+7.94225E-03
-1.22500E-01	+6.00553E-02	-7.80559E-02	+7.79888E-03
-1.21500E-01	+5.92769E-02	-7.69448E-02	+7.65772E-03
-1.20500E-01	+5.85066E-02	-7.58336E-02	+7.51877E-03
-1.19500E-01	+5.77443E-02	-7.47225E-02	+7.38198E-03
-1.18500E-01	+5.69900E-02	-7.36114E-02	+7.24732E-03
-1.17500E-01	+5.62435E-02	-7.25003E-02	+7.11478E-03
-1.16500E-01	+5.55050E-02	-7.13892E-02	+6.98432E-03
-1.15500E-01	+5.47742E-02	-7.02781E-02	+6.85592E-03
-1.14500E-01	+5.40511E-02	-6.91670E-02	+6.72955E-03
-1.13500E-01	+5.33356E-02	-6.80559E-02	+6.60518E-03
-1.12500E-01	+5.26278E-02	-6.69448E-02	+6.48278E-03
-1.11500E-01	+5.19275E-02	-6.58336E-02	+6.36234E-03
-1.10500E-01	+5.12347E-02	-6.47225E-02	+6.24381E-03
-1.09500E-01	+5.05493E-02	-6.36114E-02	+6.12719E-03
-1.08500E-01	+4.98712E-02	-6.25003E-02	+6.01243E-03
-1.07500E-01	+4.92005E-02	-6.13892E-02	+5.89953E-03
-1.06500E-01	+4.85370E-02	-6.02781E-02	+5.78844E-03
-1.05500E-01	+4.78806E-02	-5.91670E-02	+5.67915E-03
-1.04500E-01	+4.72314E-02	-5.80559E-02	+5.57164E-03
-1.03500E-01	+4.65892E-02	-5.69448E-02	+5.46588E-03
-1.02500E-01	+4.59541E-02	-5.58336E-02	+5.36184E-03
-1.01500E-01	+4.53259E-02	-5.47225E-02	+5.25950E-03
-1.00500E-01	+4.47046E-02	-5.36114E-02	+5.15884E-03
-9.95000E-02	+4.40901E-02	-5.25003E-02	+5.05984E-03
-9.85000E-02	+4.34823E-02	-5.13892E-02	+4.96247E-03
-9.75000E-02	+4.28814E-02	-5.02781E-02	+4.86671E-03
-9.65000E-02	+4.22870E-02	-4.91670E-02	+4.77254E-03
-9.55000E-02	+4.16993E-02	-4.80559E-02	+4.67994E-03
-9.45000E-02	+4.11181E-02	-4.69448E-02	+4.58888E-03
-9.35000E-02	+4.05435E-02	-4.58336E-02	+4.49934E-03
-9.25000E-02	+3.99752E-02	-4.47225E-02	+4.41131E-03
-9.15000E-02	+3.94134E-02	-4.36114E-02	+4.32475E-03
-9.05000E-02	+3.88579E-02	-4.25003E-02	+4.23966E-03
-8.95000E-02	+3.83087E-02	-4.13892E-02	+4.15600E-03
-8.85000E-02	+3.77657E-02	-4.02781E-02	+4.07377E-03
-8.75000E-02	+3.72289E-02	-3.91670E-02	+3.99293E-03
-8.65000E-02	+3.66982E-02	-3.80559E-02	+3.91347E-03
-8.55000E-02	+3.61735E-02	-3.69448E-02	+3.83537E-03
-8.45000E-02	+3.56549E-02	-3.58336E-02	+3.75861E-03
-8.35000E-02	+3.51423E-02	-3.47225E-02	+3.68317E-03
-8.25000E-02	+3.46356E-02	-3.36114E-02	+3.60903E-03
-8.15000E-02	+3.41347E-02	-3.25003E-02	+3.53618E-03
-8.05000E-02	+3.36396E-02	-3.13892E-02	+3.46459E-03
-7.95000E-02	+3.31503E-02	-3.02781E-02	+3.39424E-03
-7.85000E-02	+3.26667E-02	-2.91670E-02	+3.32513E-03
-7.75000E-02	+3.21888E-02	-2.80559E-02	+3.25722E-03
-7.65000E-02	+3.17165E-02	-2.69448E-02	+3.19050E-03
-7.55000E-02	+3.12497E-02	-2.58336E-02	+3.12496E-03
-7.45000E-02	+3.07885E-02	-2.47225E-02	+3.06058E-03
-7.35000E-02	+3.03327E-02	-2.36114E-02	+2.99734E-03
-7.25000E-02	+2.98823E-02	-2.25003E-02	+2.93522E-03
-7.15000E-02	+2.94373E-02	-2.13892E-02	+2.87421E-03
-7.05000E-02	+2.89977E-02	-2.02781E-02	+2.81429E-03
-6.95000E-02	+2.85632E-02	-1.91670E-02	+2.75544E-03
-6.85000E-02	+2.81340E-02	-1.80559E-02	+2.69765E-03
-6.75000E-02	+2.77100E-02	-1.69448E-02	+2.64090E-03
-6.65000E-02	+2.72911E-02	-1.58336E-02	+2.58518E-03
-6.55000E-02	+2.68773E-02	-1.47225E-02	+2.53047E-03
-6.45000E-02	+2.64686E-02	-1.36114E-02	+2.47675E-03
-6.35000E-02	+2.60648E-02	-1.25003E-02	+2.42402E-03
-6.25000E-02	+2.56659E-02	-1.13892E-02	+2.37225E-03
-6.15000E-02	+2.52720E-02	-1.02781E-02	+2.32143E-03
-6.05000E-02	+2.48829E-02	-9.16698E-03	+2.27154E-03
-5.95000E-02	+2.44986E-02	-8.05586E-03	+2.22258E-03
-5.85000E-02	+2.41191E-02	-6.94475E-03	+2.17453E-03
-5.75000E-02	+2.37443E-02	-5.83364E-03	+2.12737E-03
-5.65000E-02	+2.33741E-02	-4.72253E-03	+2.08109E-03
-5.55000E-02	+2.30086E-02	-3.61142E-03	+2.03567E-03
-5.45000E-02	+2.26477E-02	-2.50031E-03	+1.99111E-03
-5.35000E-02	+2.22914E-02	-1.38920E-03	+1.94738E-03
-5.25000E-02	+2.19395E-02	-2.78087E-04	+1.90448E-03
-5.15000E-02	+2.18521E-02	+0.00000E+00	+1.89387E-03
-5.05000E-02	+2.18521E-02	+0.00000E+00	+1.89387E-03
-4.95000E-02	+2.18521E-02	+0.00000E+00	+1.89387E-03
-4.85000E-02	+2.18521E-02	+0.00000E+00	+1.89387E-03
-4.75000E-02	+2.18521E-02	+0.00000E+00	+1.89387E-03
-4.65000E-02	+2.18521E-02	+0.00000E+00	+1.89387E-03
-4.55000E-02	+2.18521E-02	+0.00000E+00	+1.89387E-03
-4.45000E-02	+2.18521E-02	+0.00000E+00	+1.89387E-03
-4.35000E-02	+2.18521E-02	+0.00000E+00	+1.89387E-03
-4.25000E-02	+2.18521E-02	+0.00000E+00	+1.89387E-03
-4.15000E-02	+2.18521E-02	+0.00000E+00	+1.89387E-03
-4.05000E-02	+2.18521E-02	+0.00000E+00	+1.89387E-03
-3.95000E-02	+2.18521E-02	+0.00000E+00	+1.89387E-03
-3.85000E-02	+2.18521E-02	+0.00000E+00	+1.89387E-03
-3.75000E-02	+2.18521E-02	+0.00000E+00	+1.89387E-03
-3.65000E-02	+2.18521E-02	+0.00000E+00	+1.89387E-03
-3.55000E-02	+2.18521E-02	+0.00000E+00	+1.89387E-03
-3.45000E-02	+2.18521E-02	+0.00000E+00	+1.89387E-03
-3.35000E-02	+2.18521E-02	+0.00000E+00	+1.89387E-03
-3.25000E-02	+2.18521E-02	+0.00000E+00	+1.89387E-03
-3.15000E-02	+2.18521E-02	+0.00000E+00	+1.89387E-03
-3.05000E-02	+2.18521E-02	+0.00000E+00	+1.89387E-03
-2.95000E-02	+2.18521E-02	+0.00000E+00	+1.89387E-03
-2.85000E-02	+2.18521E-02	+0.00000E+00	+1.89387E-03
-2.75000E-02	+2.18521E-02	+0.00000E+00	+1.89387E-03
-2.65000E-02	+2.18521E-02	+0.00000E+00	+1.89387E-03
-2.55000E-02	+2.18521E-02	+0.00000E+00	+1.89387E-03
-2.45000E-02	+2.18521E-02	+0.00000E+00	+1.89387E-03
-2.35000E-02	+2.18521E-02	+0.00000E+00	+1.89387E-03
-2.25000E-02	+2.18521E-02	+0.00000E+00	+1.89387E-03
-2.15000E-02	+2.18521E-02	+0.00000E+00	+1.89387E-03
-2.05000E-02	+2.18521E-02	+0.00000E+00	+1.89387E-03
-1.95000E-02	+2.18521E-02	+0.00000E+00	+1.89387E-03
-1.85000E-02	+2.18521E-02	+0.00000E+00	+1.89387E-03
-1.75000E-02	+2.18521E-02	+0.00000E+00	+1.89387E-03
-1.65000E-02	+2.18521E-02	+0.00000E+00	+1.89387E-03
-1.55000E-02	+2.18521E-02	+0.00000E+00	+1.89387E-03
-1.45000E-02	+2.18521E-02	+0.00000E+00	+1.89387E-03
-1.35000E-02	+2.18521E-02	+0.00000E+00	+1.89387E-03
-1.25000E-02	+2.18521E-02	+0.00000E+00	+1.89387E-03
-1.15000E-02	+2.18521E-02	+0.00000E+00	+1.89387E-03
-1.05000E-02	+2.18521E-02	+0.00000E+00	+1.89387E-03
-9.50000E-03	+2.18521E-02	+0.00000E+00	+1.89387E-03
-8.50000E-03	+2.18521E-02	+0.00000E+00	+1.89387E-03
-7.50000E-03	+2.18521E-02	+0.00000E+00	+1.89387E-03
-6.50000E-03	+2.18521E-02	+0.00000E+00	+1.89387E-03
-5.50000E-03	+2.18521E-02	+0.00000E+00	+1.89387E-03
-4.50000E-03	+2.18521E-02	+0.00000E+00	+1.89387E-03
-3.50000E-03	+2.18521E-02	+0.00000E+00	+1.89387E-03
-2.50000E-03	+2.18521E-02	+0.00000E+00	+1.89387E-03
-1.50000E-03	+2.18521E-02	+0.00000E+00	+1.89387E-03
-5.00000E-04	+2.18521E-02	+0.00000E+00	+1.89387E-03
+5.00000E-04	+2.18521E-02	+0.00000E+00	+1.89387E-03
+1.50000E-03	+2.18521E-02	+0.00000E+00	+1.89387E-03
+2.50000E-03	+2.18521E-02	+0.00000E+00	+1.89387E-03
+3.50000E-03	+2.18521E-02	+0.00000E+00	+1.89387E-03
+4.50000E-03	+2.18521E-02	+0.00000E+00	+1.89387E-03
+5.50000E-03	+2.18521E-02	+0.00000E+00	+1.89387E-03
+6.50000E-03	+2.18521E-02	+0.00000E+00	+1.89387E-03
+7.50000E-03	+2.18521E-02	+0.00000E+00	+1.89387E-03
+8.50000E-03	+2.18521E-02	+0.00000E+00	+1.89387E-03
+9.50000E-03	+2.18521E-02	+0.00000E+00	+1.89387E-03
+1.05000E-02	+2.18521E-02	+0.00000E+00	+1.89387E-03
+1.15000E-02	+2.18521E-02	+0.00000E+00	+1.89387E-03
+1.25000E-02	+2.18521E-02	+0.00000E+00	+1.89387E-03
+1.35000E-02	+2.18521E-02	+0.00000E+00	+1.89387E-03
+1.45000E-02	+2.18521E-02	+0.00000E+00	+1.89387E-03
+1.55000E-02	+2.18521E-02	+0.00000E+00	+1.89387E-03
+1.65000E-02	+2.18521E-02	+0.00000E+00	+1.89387E-03
+1.75000E-02	+2.18521E-02	+0.00000E+00	+1.89387E-03
+1.85000E-02	+2.18521E-02	+0.00000E+00	+1.89387E-03
+1.95000E-02	+2.18521E-02	+0.00000E+00	+1.89387E-03
+2.05000E-02	+2.18521E-02	+0.00000E+00	+1.89387E-03
+2.15000E-02	+2.18521E-02	+0.00000E+00	+1.89387E-03
+2.25000E-02	+2.18521E-02	+0.00000E+00	+1.89387E-03
+2.35000E-02	+2.18521E-02	+0.00000E+00	+1.89387E-03
+2.45000E-02	+2.18521E-02	+0.00000E+00	+1.89387E-03
+2.55000E-02	+2.18521E-02	+0.00000E+00	+1.89387E-03
+2.65000E-02	+2.18521E-02	+0.00000E+00	+1.89387E-03
+2.75000E-02	+2.18521E-02	+0.00000E+00	+1.89387E-03
+2.85000E-02	+2.18521E-02	+0.00000E+00	+1.89387E-03
+2.95000E-02	+2.18521E-02	+0.00000E+00	+1.89387E-03
+3.05000E-02	+2.18521E-02	+0.00000E+00	+1.89387E-03
+3.15000E-02	+2.18521E-02	+0.00000E+00	+1.89387E-03
+3.25000E-02	+2.18521E-02	+0.00000E+00	+1.89387E-03
+3.35000E-02	+2.18521E-02	+0.00000E+00	+1.89387E-03
+3.45000E-02	+2.18521E-02	+0.00000E+00	+1.89387E-03
+3.55000E-02	+2.18521E-02	+0.00000E+00	+1.89387E-03
+3.65000E-02	+2.18521E-02	+0.00000E+00	+1.89387E-03
+3.75000E-02	+2.18521E-02	+0.00000E+00	+1.89387E-03
+3.85000E-02	+2.18521E-02	+0.00000E+00	+1.89387E-03
+3.95000E-02	+2.18521E-02	+0.00000E+00	+1.89387E-03
+4.05000E-02	+2.18521E-02	+0.00000E+00	+1.89387E-03
+4.15000E-02	+2.18521E-02	+0.00000E+00	+1.89387E-03
+4.25000E-02	+2.18521E-02	+0.00000E+00	+1.89387E-03
+4.35000E-02	+2.18521E-02	+0.00000E+00	+1.89387E-03
+4.45000E-02	+2.18521E-02	+0.00000E+00	+1.89387E-03
+4.55000E-02	+2.18521E-02	+0.00000E+00	+1.89387E-03
+4.65000E-02	+2.18521E-02	+0.00000E+00	+1.89387E-03
+4.75000E-02	+2.18521E-02	+0.00000E+00	+1.89387E-03
+4.85000E-02	+2.18521E-02	+0.00000E+00	+1.89387E-03
+4.95000E-02	+2.18521E-02	+0.00000E+00	+1.89387E-03
+5.05000E-02	+2.18521E-02	+0.00000E+00	+1.89387E-03
+5.15000E-02	+2.18521E-02	+0.00000E+00	+1.89387E-03
+5.25000E-02	+2.19395E-02	+2.78087E-04	+1.90448E-03
+5.35000E-02	+2.22914E-02	+1.38920E-03	+1.94738E-03
+5.45000E-02	+2.26477E-02	+2.50031E-03	+1.99111E-03
+5.55000E-02	+2.30086E-02	+3.61142E-03	+2.03567E-03
+5.65000E-02	+2.33741E-02	+4.72253E-03	+2.08109E-03
+5.75000E-02	+2.37443E-02	+5.83364E-03	+2.12737E-03
+5.85000E-02	+2.41191E-02	+6.94475E-03	+2.17453E-03
+5.95000E-02	+2.44986E-02	+8.05586E-03	+2.22258E-03
+6.05000E-02	+2.48829E-02	+9.16698E-03	+2.27154E-03
+6.15000E-02	+2.52720E-02	+1.02781E-02	+2.32143E-03
+6.25000E-02	+2.56659E-02	+1.13892E-02	+2.37225E-03
+6.35000E-02	+2.60648E-02	+1.25003E-02	+2.42402E-03
+6.45000E-02	+2.64686E-02	+1.36114E-02	+2.47675E-03
+6.55000E-02	+2.68773E-02	+1.47225E-02	+2.53047E-03
+6.65000E-02	+2.72911E-02	+1.58336E-02	+2.58518E-03
+6.75000E-02	+2.77100E-02	+1.69448E-02	+2.64090E-03
+6.85000E-02	+2.81340E-02	+1.80559E-02	+2.69765E-03
+6.95000E-02	+2.85632E-02	+1.91670E-02	+2.75544E-03
+7.05000E-02	+2.89977E-02	+2.02781E-02	+2.81429E-03
+7.15000E-02	+2.94373E-02	+2.13892E-02	+2.87421E-03
+7.25000E-02	+2.98823E-02	+2.25003E-02	+2.93522E-03
+7.35000E-02	+3.03327E-02	+2.36114E-02	+2.99734E-03
+7.45000E-02	+3.07885E-02	+2.47225E-02	+3.06058E-03
+7.55000E-02	+3.12497E-02	+2.58336E-02	+3.12496E-03
+7.65000E-02	+3.17165E-02	+2.69448E-02	+3.19050E-03
+7.75000E-02	+3.21888E-02	+2.80559E-02	+3.25722E-03
+7.85000E-02	+3.26667E-02	+2.91670E-02	+3.32513E-03
+7.95000E-02	+3.31503E-02	+3.02781E-02	+3.39424E-03
+8.05000E-02	+3.36396E-02	+3.13892E-02	+3.46459E-03
+8.15000E-02	+3.41347E-02	+3.25003E-02	+3.53618E-03
+8.25000E-02	+3.46356E-02	+3.36114E-02	+3.60903E-03
+8.35000E-02	+3.51423E-02	+3.47225E-02	+3.68317E-03
+8.45000E-02	+3.56549E-02	+3.58336E-02	+3.75861E-03
+8.55000E-02	+3.61735E-02	+3.69448E-02	+3.83537E-03
+8.65000E-02	+3.66982E-02	+3.80559E-02	+3.91347E-03
+8.75000E-02	+3.72289E-02	+3.91670E-02	+3.99293E-03
+8.85000E-02	+3.77657E-02	+4.02781E-02	+4.07377E-03
+8.95000E-02	+3.83087E-02	+4.13892E-02	+4.15600E-03
+9.05000E-02	+3.88579E-02	+4.25003E-02	+4.23966E-03
+9.15000E-02	+3.94134E-02	+4.36114E-02	+4.32475E-03
+9.25000E-02	+3.99752E-02	+4.47225E-02	+4.41131E-03
+9.35000E-02	+4.05435E-02	+4.58336E-02	+4.49934E-03
+9.45000E-02	+4.11181E-02	+4.69448E-02	+4.58888E-03
+9.55000E-02	+4.16993E-02	+4.80559E-02	+4.67994E-03
+9.65000E-02	+4.22870E-02	+4.91670E-02	+4.77254E-03
+9.75000E-02	+4.28814E-02	+5.02781E-02	+4.86671E-03
+9.85000E-02	+4.34823E-02	+5.13892E-02	+4.96247E-03
+9.95000E-02	+4.40901E-02	+5.25003E-02	+5.05984E-03
+1.00500E-01	+4.47046E-02	+5.36114E-02	+5.15884E-03
+1.01500E-01	+4.53259E-02	+5.47225E-02	+5.25950E-03
+1.02500E-01	+4.59541E-02	+5.58336E-02	+5.36184E-03
+1.03500E-01	+4.65892E-02	+5.69448E-02	+5.46588E-03
+1.04500E-01	+4.72314E-02	+5.80559E-02	+5.57164E-03
+1.05500E-01	+4.78806E-02	+5.91670E-02	+5.67915E-03
+1.06500E-01	+4.85370E-02	+6.02781E-02	+5.78844E-03
+1.07500E-01	+4.92005E-02	+6.13892E-02	+5.89953E-03
+1.08500E-01	+4.98712E-02	+6.25003E-02	+6.01243E-03
+1.09500E-01	+5.05493E-02	+6.36114E-02	+6.12719E-03
+1.10500E-01	+5.12347E-02	+6.47225E-02	+6.24381E-03
+1.11500E-01	+5.19275E-02	+6.58336E-02	+6.36234E-03
+1.12500E-01	+5.26278E-02	+6.69448E-02	+6.48278E-03
+1.13500E-01	+5.33356E-02	+6.80559E-02	+6.60518E-03
+1.14500E-01	+5.40511E-02	+6.91670E-02	+6.72955E-03
+1.15500E-01	+5.47742E-02	+7.02781E-02	+6.85592E-03
+1.16500E-01	+5.55050E-02	+7.13892E-02	+6.98432E-03
+1.17500E-01	+5.62435E-02	+7.25003E-02	+7.11478E-03
+1.18500E-01	+5.69900E-02	+7.36114E-02	+7.24732E-03
+1.19500E-01	+5.77443E-02	+7.47225E-02	+7.38198E-03
+1.20500E-01	+5.85066E-02	+7.58336E-02	+7.51877E-03
+1.21500E-01	+5.92769E-02	+7.69448E-02	+7.65772E-03
+1.22500E-01	+6.00553E-02	+7.80559E-02	+7.79888E-03
+1.23500E-01	+6.08419E-02	+7.91670E-02	+7.94225E-03
+1.24500E-01	+6.16367E-02	+8.02781E-02	+8.08788E-03
+1.25500E-01	+6.24398E-02	+8.13892E-02	+8.23580E-03
+1.26500E-01	+6.32512E-02	+8.25003E-02	+8.38602E-03
+1.27500E-01	+6.40710E-02	+8.36114E-02	+8.53859E-03
+1.28500E-01	+6.48993E-02	+8.47225E-02	+8.69353E-03
+1.29500E-01	+6.57362E-02	+8.58336E-02	+8.85088E-03
+1.30500E-01	+6.65817E-02	+8.69448E-02	+9.01066E-03
+1.31500E-01	+6.74358E-02	+8.80559E-02	+9.17291E-03
+1.32500E-01	+6.82987E-02	+8.91670E-02	+9.33765E-03
+1.33500E-01	+6.91704E-02	+9.02781E-02	+9.50492E-03
+1.34500E-01	+7.00510E-02	+9.13892E-02	+9.67476E-03
+1.35500E-01	+7.09405E-02	+9.25003E-02	+9.84719E-03
+1.36500E-01	+7.18391E-02	+9.36114E-02	+1.00222E-02
+1.37500E-01	+7.27467E-02	+9.47225E-02	+1.02000E-02
+1.38500E-01	+7.36635E-02	+9.58336E-02	+1.03804E-02
+1.39500E-01	+7.45895E-02	+9.69448E-02	+1.05635E-02
+1.40500E-01	+7.55247E-02	+9.80559E-02	+1.07494E-02
+1.41500E-01	+7.64694E-02	+9.91670E-02	+1.09381E-02
+1.42500E-01	+7.74235E-02	+1.00278E-01	+1.11297E-02
+1.43500E-01	+7.83870E-02	+1.01389E-01	+1.13241E-02
+1.44500E-01	+7.93602E-02	+1.02500E-01	+1.15214E-02
+1.45500E-01	+8.03429E-02	+1.03611E-01	+1.17216E-02
+1.46500E-01	+8.13354E-02	+1.04723E-01	+1.19248E-02
+1.47500E-01	+8.23377E-02	+1.05834E-01	+1.21310E-02
+1.48500E-01	+8.33498E-02	+1.06945E-01	+1.23403E-02
+1.49500E-01	+8.43719E-02	+1.08056E-01	+1.25527E-02
+1.50500E-01	+8.54040E-02	+1.09167E-01	+1.27682E-02
+1.51500E-01	+8.64461E-02	+1.10278E-01	+1.29868E-02
+1.52500E-01	+8.74984E-02	+1.11389E-01	+1.32087E-02
+1.53500E-01	+8.85609E-02	+1.12500E-01	+1.34338E-02
+1.54500E-01	+8.96337E-02	+1.13611E-01	+1.36622E-02
+1.55500E-01	+9.07169E-02	+1.14723E-01	+1.38939E-02
+1.56500E-01	+9.18105E-02	+1.15834E-01	+1.41289E-02
+1.57500E-01	+9.29147E-02	+1.16945E-01	+1.43674E-02
+1.58500E-01	+9.40294E-02	+1.18056E-01	+1.46093E-02
+1.59500E-01	+9.51548E-02	+1.19167E-01	+1.48547E-02
+1.60500E-01	+9.62910E-02	+1.20278E-01	+1.51036E-02
+1.61500E-01	+9.74380E-02	+1.21389E-01	+1.53561E-02
+1.62500E-01	+9.85959E-02	+1.22500E-01	+1.56121E-02
+1.63500E-01	+9.97648E-02	+1.23611E-01	+1.58719E-02
+1.64500E-01	+1.00945E-01	+1.24723E-01	+1.61353E-02
+1.65500E-01	+1.02136E-01	+1.25834E-01	+1.64025E-02
+1.66500E-01	+1.03338E-01	+1.26945E-01	+1.66734E-02
+1.67500E-01	+1.04552E-01	+1.28056E-01	+1.69482E-02
+1.68500E-01	+1.05777E-01	+1.29167E-01	+1.72268E-02
+1.69500E-01	+1.07013E-01	+1.30278E-01	+1.75094E-02
+1.70500E-01	+1.08261E-01	+1.31389E-01	+1.77959E-02
+1.71500E-01	+1.09521E-01	+1.32500E-01	+1.80865E-02
+1.72500E-01	+1.10792E-01	+1.33611E-01	+1.83811E-02
+1.73500E-01	+1.12075E-01	+1.34723E-01	+1.86798E-02
+1.74500E-01	+1.13370E-01	+1.35834E-01	+1.89826E-02
+1.75500E-01	+1.14677E-01	+1.36945E-01	+1.92897E-02
+1.76500E-01	+1.15996E-01	+1.38056E-01	+1.96010E-02
+1.77500E-01	+1.17327E-01	+1.39167E-01	+1.99166E-02
+1.78500E-01	+1.18670E-01	+1.40278E-01	+2.02365E-02
+1.79500E-01	+1.20025E-01	+1.41389E-01	+2.05608E-02
+1.80500E-01	+1.21393E-01	+1.42500E-01	+2.08896E-02
+1.81500E-01	+1.22773E-01	+1.43611E-01	+2.12229E-02
+1.82500E-01	+1.24166E-01	+1.44723E-01	+2.15607E-02
+1.83500E-01	+1.25571E-01	+1.45834E-01	+2.19031E-02
+1.84500E-01	+1.26989E-01	+1.46945E-01	+2.22502E-02
+1.85500E-01	+1.28420E-01	+1.48056E-01	+2.26020E-02
+1.86500E-01	+1.29864E-01	+1.49167E-01	+2.29585E-02
+1.87500E-01	+1.31321E-01	+1.50278E-01	+2.33199E-02
+1.88500E-01	+1.32790E-01	+1.51389E-01	+2.36861E-02
+1.89500E-01	+1.34273E-01	+1.52500E-01	+2.40572E-02
+1.90500E-01	+1.35769E-01	+1.53611E-01	+2.44333E-02
+1.91500E-01	+1.37279E-01	+1.54723E-01	+2.48144E-02
+1.92500E-01	+1.38801E-01	+1.55834E-01	+2.52006E-02
+1.93500E-01	+1.40338E-01	+1.56945E-01	+2.55920E-02
+1.94500E-01	+1.41888E-01	+1.58056E-01	+2.59885E-02
+1.95500E-01	+1.43451E-01	+1.59167E-01	+2.63903E-02
+1.96500E-01	+1.45028E-01	+1.60278E-01	+2.67975E-02
+1.97500E-01	+1.46619E-01	+1.61389E-01	+2.72099E-02
+1.98500E-01	+1.48224E-01	+1.62500E-01	+2.76279E-02
+1.99500E-01	+1.49843E-01	+1.63611E-01	+2.80513E-02
+2.00500E-01	+1.51477E-01	+1.64723E-01	+2.84802E-02
+2.01500E-01	+1.53124E-01	+1.65834E-01	+2.89148E-02
+2.02500E-01	+1.54786E-01	+1.66945E-01	+2.93550E-02
+2.03500E-01	+1.56462E-01	+1.68056E-01	+2.98010E-02
+2.04500E-01	+1.58152E-01	+1.69167E-01	+3.02528E-02
+2.05500E-01	+1.59857E-01	+1.70278E-01	+3.07104E-02
+2.06500E-01	+1.61577E-01	+1.71389E-01	+3.11740E-02
+2.07500E-01	+1.63312E-01	+1.72500E-01	+3.16435E-02
+2.08500E-01	+1.65061E-01	+1.73611E-01	+3.21191E-02
+2.09500E-01	+1.66826E-01	+1.74723E-01	+3.26008E-02
+2.10500E-01	+1.68605E-01	+1.75834E-01	+3.30886E-02
+2.11500E-01	+1.70400E-01	+1.76945E-01	+3.35827E-02
+2.12500E-01	+1.72210E-01	+1.78056E-01	+3.40832E-02
+2.13500E-01	+1.74035E-01	+1.79167E-01	+3.45900E-02
+2.14500E-01	+1.75875E-01	+1.80278E-01	+3.51032E-02
+2.15500E-01	+1.77732E-01	+1.81389E-01	+3.56230E-02
+2.16500E-01	+1.79603E-01	+1.82500E-01	+3.61493E-02
+2.17500E-01	+1.81491E-01	+1.83611E-01	+3.66823E-02
+2.18500E-01	+1.83394E-01	+1.84723E-01	+3.72221E-02
+2.19500E-01	+1.85314E-01	+1.85834E-01	+3.77686E-02
+2.20500E-01	+1.87249E-01	+1.86945E-01	+3.83220E-02
+2.21500E-01	+1.89201E-01	+1.88056E-01	+3.88823E-02
+2.22500E-01	+1.91168E-01	+1.89167E-01	+3.94496E-02
+2.23500E-01	+1.93152E-01	+1.90278E-01	+4.00240E-02
+2.24500E-01	+1.95153E-01	+1.91389E-01	+4.06055E-02
+2.25500E-01	+1.97170E-01	+1.92500E-01	+4.11943E-02
+2.26500E-01	+1.99204E-01	+1.93611E-01	+4.17904E-02
+2.27500E-01	+2.01254E-01	+1.94723E-01	+4.23939E-02
+2.28500E-01	+2.03322E-01	+1.95834E-01	+4.30048E-02
+2.29500E-01	+2.05406E-01	+1.96945E-01	+4.36232E-02
+2.30500E-01	+2.07507E-01	+1.98056E-01	+4.42493E-02
+2.31500E-01	+2.09626E-01	+1.99167E-01	+4.48830E-02
+2.32500E-01	+2.11761E-01	+2.00278E-01	+4.55245E-02
+2.33500E-01	+2.13915E-01	+2.01389E-01	+4.61739E-02
+2.34500E-01	+2.16085E-01	+2.02500E-01	+4.68312E-02
+2.35500E-01	+2.18273E-01	+2.03611E-01	+4.74964E-02
+2.36500E-01	+2.20479E-01	+2.04723E-01	+4.81698E-02
+2.37500E-01	+2.22703E-01	+2.05834E-01	+4.88513E-02
+2.38500E-01	+2.24944E-01	+2.06945E-01	+4.95411E-02
+2.39500E-01	+2.27204E-01	+2.08056E-01	+5.02392E-02
+2.40500E-01	+2.29482E-01	+2.09167E-01	+5.09457E-02
+2.41500E-01	+2.31778E-01	+2.10278E-01	+5.16607E-02
+2.42500E-01	+2.34092E-01	+2.11389E-01	+5.23843E-02
+2.43500E-01	+2.36425E-01	+2.12500E-01	+5.31166E-02
+2.44500E-01	+2.38776E-01	+2.13611E-01	+5.38576E-02
+2.45500E-01	+2.41146E-01	+2.14723E-01	+5.46075E-02
+2.46500E-01	+2.43535E-01	+2.15834E-01	+5.53663E-02
+2.47500E-01	+2.45942E-01	+2.16945E-01	+5.61341E-02
+2.48500E-01	+2.48369E-01	+2.18056E-01	+5.69111E-02
+2.49500E-01	+2.50815E-01	+2.19167E-01	+5.76972E-02
+2.50500E-01	+2.53280E-01	+2.20278E-01	+5.84926E-02
+2.51500E-01	+2.55764E-01	+2.21389E-01	+5.92974E-02
+2.52500E-01	+2.58268E-01	+2.22500E-01	+6.01117E-02
+2.53500E-01	+2.60791E-01	+2.23611E-01	+6.09355E-02
+2.54500E-01	+2.63334E-01	+2.24723E-01	+6.17690E-02
+2.55500E-01	+2.65897E-01	+2.25834E-01	+6.26123E-02
+2.56500E-01	+2.68480E-01	+2.26945E-01	+6.34654E-02
+2.57500E-01	+2.71083E-01	+2.28056E-01	+6.43284E-02
+2.58500E-01	+2.73706E-01	+2.29167E-01	+6.52015E-02
+2.59500E-01	+2.76349E-01	+2.30278E-01	+6.60847E-02
+2.60500E-01	+2.79013E-01	+2.31389E-01	+6.69782E-02
+2.61500E-01	+2.81697E-01	+2.32500E-01	+6.78820E-02
+2.62500E-01	+2.84401E-01	+2.33611E-01	+6.87962E-02
+2.63500E-01	+2.87127E-01	+2.34723E-01	+6.97210E-02
+2.64500E-01	+2.89873E-01	+2.35834E-01	+7.06564E-02
+2.65500E-01	+2.92640E-01	+2.36945E-01	+7.16025E-02
+2.66500E-01	+2.95429E-01	+2.38056E-01	+7.25595E-02
+2.67500E-01	+2.98238E-01	+2.39167E-01	+7.35274E-02
+2.68500E-01	+3.01069E-01	+2.40278E-01	+7.45063E-02
+2.69500E-01	+3.03922E-01	+2.41389E-01	+7.54964E-02
+2.70500E-01	+3.06796E-01	+2.42500E-01	+7.64978E-02
+2.71500E-01	+3.09691E-01	+2.43611E-01	+7.75105E-02
+2.72500E-01	+3.12609E-01	+2.44723E-01	+7.85347E-02
+2.73500E-01	+3.15548E-01	+2.45834E-01	+7.95705E-02
+2.74500E-01	+3.18510E-01	+2.46945E-01	+8.06179E-02
+2.75500E-01	+3.21493E-01	+2.48056E-01	+8.16772E-02
+2.76500E-01	+3.24499E-01	+2.49167E-01	+8.27484E-02
+2.77500E-01	+3.27528E-01	+2.50278E-01	+8.38315E-02
+2.78500E-01	+3.30579E-01	+2.51389E-01	+8.49269E-02
+2.79500E-01	+3.33653E-01	+2.52500E-01	+8.60344E-02
+2.80500E-01	+3.36749E-01	+2.53611E-01	+8.71543E-02
+2.81500E-01	+3.39869E-01	+2.54723E-01	+8.82867E-02
+2.82500E-01	+3.43011E-01	+2.55834E-01	+8.94317E-02
+2.83500E-01	+3.46177E-01	+2.56945E-01	+9.05894E-02
+2.84500E-01	+3.49366E-01	+2.58056E-01	+9.17599E-02
+2.85500E-01	+3.52578E-01	+2.59167E-01	+9.29433E-02
+2.86500E-01	+3.55815E-01	+2.60278E-01	+9.41398E-02
+2.87500E-01	+3.59074E-01	+2.61389E-01	+9.53495E-02
+2.88500E-01	+3.62358E-01	+2.62500E-01	+9.65725E-02
+2.89500E-01	+3.65666E-01	+2.63611E-01	+9.78089E-02
+2.90500E-01	+3.68998E-01	+2.64723E-01	+9.90588E-02
+2.91500E-01	+3.72354E-01	+2.65834E-01	+1.00322E-01
+2.92500E-01	+3.75734E-01	+2.66945E-01	+1.01600E-01
+2.93500E-01	+3.79139E-01	+2.68056E-01	+1.02891E-01
+2.94500E-01	+3.82569E-01	+2.69167E-01	+1.04196E-01
+2.95500E-01	+3.86023E-01	+2.70278E-01	+1.05516E-01
+2.96500E-01	+3.89502E-01	+2.71389E-01	+1.06850E-01
+2.97500E-01	+3.93006E-01	+2.72500E-01	+1.08198E-01
+2.98500E-01	+3.96536E-01	+2.73611E-01	+1.09561E-01
+2.99500E-01	+4.00091E-01	+2.74723E-01	+1.10938E-01
+3.00500E-01	+4.03671E-01	+2.75834E-01	+1.12331E-01
+3.01500E-01	+4.07277E-01	+2.76945E-01	+1.13738E-01
+3.02500E-01	+4.10908E-01	+2.78056E-01	+1.15160E-01
+3.03500E-01	+4.14566E-01	+2.79167E-01	+1.16598E-01
+3.04500E-01	+4.18249E-01	+2.80278E-01	+1.18051E-01
+3.05500E-01	+4.21958E-01	+2.81389E-01	+1.19519E-01
+3.06500E-01	+4.25694E-01	+2.82500E-01	+1.21003E-01
+3.07500E-01	+4.29456E-01	+2.83611E-01	+1.22503E-01
+3.08500E-01	+4.33245E-01	+2.84723E-01	+1.24019E-01
+3.09500E-01	+4.37061E-01	+2.85834E-01	+1.25550E-01
+3.10500E-01	+4.40903E-01	+2.86945E-01	+1.27098E-01
+3.11500E-01	+4.44772E-01	+2.88056E-01	+1.28663E-01
+3.12500E-01	+4.48669E-01	+2.89167E-01	+1.30243E-01
+3.13500E-01	+4.52592E-01	+2.90278E-01	+1.31841E-01
+3.14500E-01	+4.56543E-01	+2.91389E-01	+1.33455E-01
+3.15500E-01	+4.60522E-01	+2.92500E-01	+1.35086E-01
+3.16500E-01	+4.64528E-01	+2.93611E-01	+1.36734E-01
+3.17500E-01	+4.68562E-01	+2.94723E-01	+1.38399E-01
+3.18500E-01	+4.72624E-01	+2.95834E-01	+1.40082E-01
+3.19500E-01	+4.76714E-01	+2.96945E-01	+1.41782E-01
+3.20500E-01	+4.80833E-01	+2.98056E-01	+1.43500E-01
+3.21500E-01	+4.84980E-01	+2.99167E-01	+1.45236E-01
+3.22500E-01	+4.89155E-01	+3.00278E-01	+1.46989E-01
+3.23500E-01	+4.93359E-01	+3.01389E-01	+1.48761E-01
+3.24500E-01	+4.97592E-01	+3.02500E-01	+1.50551E-01
+3.25500E-01	+5.01854E-01	+3.03611E-01	+1.52359E-01
+3.26500E-01	+5.06146E-01	+3.04723E-01	+1.54186E-01
+3.27500E-01	+5.10466E-01	+3.05834E-01	+1.56032E-01
+3.28500E-01	+5.14816E-01	+3.06945E-01	+1.57897E-01
+3.29500E-01	+5.19196E-01	+3.08056E-01	+1.59780E-01
+3.30500E-01	+5.23605E-01	+3.09167E-01	+1.61683E-01
+3.31500E-01	+5.28044E-01	+3.10278E-01	+1.63606E-01
+3.32500E-01	+5.32513E-01	+3.11389E-01	+1.65547E-01
+3.33500E-01	+5.37013E-01	+3.12500E-01	+1.67509E-01
+3.34500E-01	+5.41543E-01	+3.13611E-01	+1.69491E-01
+3.35500E-01	+5.46103E-01	+3.14723E-01	+1.71492E-01
+3.36500E-01	+5.50694E-01	+3.15834E-01	+1.73514E-01
+3.37500E-01	+5.55316E-01	+3.16945E-01	+1.75556E-01
+3.38500E-01	+5.59969E-01	+3.18056E-01	+1.77619E-01
+3.39500E-01	+5.64652E-01	+3.19167E-01	+1.79702E-01
+3.40500E-01	+5.69368E-01	+3.20278E-01	+1.81807E-01
+3.41500E-01	+5.74114E-01	+3.21389E-01	+1.83932E-01
+3.42500E-01	+5.78893E-01	+3.22500E-01	+1.86079E-01
+3.43500E-01	+5.83703E-01	+3.23611E-01	+1.88247E-01
+3.44500E-01	+5.88545E-01	+3.24723E-01	+1.90437E-01
+3.45500E-01	+5.93419E-01	+3.25834E-01	+1.92649E-01
+3.46500E-01	+5.98325E-01	+3.26945E-01	+1.94882E-01
+3.47500E-01	+6.03264E-01	+3.28056E-01	+1.97138E-01
+3.48500E-01	+6.08235E-01	+3.29167E-01	+1.99416E-01
+3.49500E-01	+6.13239E-01	+3.30278E-01	+2.01717E-01
+3.50500E-01	+6.18276E-01	+3.31389E-01	+2.04040E-01
+3.51500E-01	+6.23346E-01	+3.32500E-01	+2.06386E-01
+3.52500E-01	+6.28449E-01	+3.33611E-01	+2.08756E-01
+3.53500E-01	+6.33585E-01	+3.34723E-01	+2.11148E-01
+3.54500E-01	+6.38755E-01	+3.35834E-01	+2.13564E-01
+3.55500E-01	+6.43959E-01	+3.36945E-01	+2.16004E-01
+3.56500E-01	+6.49197E-01	+3.38056E-01	+2.18467E-01
+3.57500E-01	+6.54468E-01	+3.39167E-01	+2.20955E-01
+3.58500E-01	+6.59774E-01	+3.40278E-01	+2.23467E-01
+3.59500E-01	+6.65114E-01	+3.41389E-01	+2.26003E-01
+3.60500E-01	+6.70489E-01	+3.42500E-01	+2.28564E-01
+3.61500E-01	+6.75898E-01	+3.43611E-01	+2.31150E-01
+3.62500E-01	+6.81342E-01	+3.44723E-01	+2.33761E-01
+3.63500E-01	+6.86821E-01	+3.45834E-01	+2.36397E-01
+3.64500E-01	+6.92336E-01	+3.46945E-01	+2.39058E-01
+3.65500E-01	+6.97886E-01	+3.48056E-01	+2.41745E-01
+3.66500E-01	+7.03471E-01	+3.49167E-01	+2.44458E-01
+3.67500E-01	+7.09092E-01	+3.50278E-01	+2.47197E-01
+3.68500E-01	+7.14749E-01	+3.51389E-01	+2.49962E-01
+3.69500E-01	+7.20442E-01	+3.52500E-01	+2.52754E-01
+3.70500E-01	+7.26171E-01	+3.53611E-01	+2.55573E-01
+3.71500E-01	+7.31936E-01	+3.54723E-01	+2.58418E-01
+3.72500E-01	+7.37739E-01	+3.55834E-01	+2.61290E-01
+3.73500E-01	+7.43577E-01	+3.56945E-01	+2.64190E-01
+3.74500E-01	+7.49453E-01	+3.58056E-01	+2.67117E-01
+3.75500E-01	+7.55366E-01	+3.59167E-01	+2.70072E-01
+3.76500E-01	+7.61316E-01	+3.60278E-01	+2.73056E-01
+3.77500E-01	+7.67304E-01	+3.61389E-01	+2.76067E-01
+3.78500E-01	+7.73329E-01	+3.62500E-01	+2.79106E-01
+3.79500E-01	+7.79392E-01	+3.63611E-01	+2.82175E-01
+3.80500E-01	+7.85493E-01	+3.64723E-01	+2.85272E-01
+3.81500E-01	+7.91632E-01	+3.65834E-01	+2.88398E-01
+3.82500E-01	+7.97809E-01	+3.66945E-01	+2.91554E-01
+3.83500E-01	+8.04025E-01	+3.68056E-01	+2.94739E-01
+3.84500E-01	+8.10279E-01	+3.69167E-01	+2.97954E-01
+3.85500E-01	+8.16573E-01	+3.70278E-01	+3.01199E-01
+3.86500E-01	+8.22905E-01	+3.71389E-01	+3.04474E-01
+3.87500E-01	+8.29277E-01	+3.72500E-01	+3.07779E-01
+3.88500E-01	+8.35688E-01	+3.73611E-01	+3.11116E-01
+3.89500E-01	+8.42139E-01	+3.74723E-01	+3.14483E-01
+3.90500E-01	+8.48629E-01	+3.75834E-01	+3.17881E-01
+3.91500E-01	+8.55160E-01	+3.76945E-01	+3.21311E-01
+3.92500E-01	+8.61730E-01	+3.78056E-01	+3.24773E-01
+3.93500E-01	+8.68341E-01	+3.79167E-01	+3.28266E-01
+3.94500E-01	+8.74992E-01	+3.80278E-01	+3.31792E-01
+3.95500E-01	+8.81684E-01	+3.81389E-01	+3.35350E-01
+3.96500E-01	+8.88417E-01	+3.82500E-01	+3.38941E-01
+3.97500E-01	+8.95191E-01	+3.83611E-01	+3.42564E-01
+3.98500E-01	+9.02007E-01	+3.84723E-01	+3.46221E-01
+3.99500E-01	+9.08864E-01	+3.85834E-01	+3.49911E-01
+4.00500E-01	+9.15762E-01	+3.86945E-01	+3.53635E-01
+4.01500E-01	+9.22702E-01	+3.88056E-01	+3.57393E-01
+4.02500E-01	+9.29684E-01	+3.89167E-01	+3.61185E-01
+4.03500E-01	+9.36709E-01	+3.90278E-01	+3.65011E-01
+4.04500E-01	+9.43776E-01	+3.91389E-01	+3.68872E-01
+4.05500E-01	+9.50885E-01	+3.92500E-01	+3.72768E-01
+4.06500E-01	+9.58037E-01	+3.93611E-01	+3.76700E-01
+4.07500E-01	+9.65232E-01	+3.94723E-01	+3.80666E-01
+4.08500E-01	+9.72471E-01	+3.95834E-01	+3.84669E-01
+4.09500E-01	+9.79752E-01	+3.96945E-01	+3.88707E-01
+4.10500E-01	+9.87078E-01	+3.98056E-01	+3.92782E-01
+4.11500E-01	+9.94447E-01	+3.99167E-01	+3.96893E-01
+4.12500E-01	+1.00000E+00	+2.00000E+00	+4.00000E-01
+4.13500E-01	+1.00000E+00	+2.00000E+00	+4.00000E-01
+4.14500E-01	+1.00000E+00	+2.00000E+00	+4.00000E-01
+4.15500E-01	+1.00000E+00	+2.00000E+00	+4.00000E-01
+4.16500E-01	+1.00000E+00	+2.00000E+00	+4.00000E-01
+4.17500E-01	+1.00000E+00	+2.00000E+00	+4.00000E-01
+4.18500E-01	+1.00000E+00	+2.00000E+00	+4.00000E-01
+4.19500E-01	+1.00000E+00	+2.00000E+00	+4.00000E-01
+4.20500E-01	+1.00000E+00	+2.00000E+00	+4.00000E-01
+4.21500E-01	+1.00000E+00	+2.00000E+00	+4.00000E-01
+4.22500E-01	+1.00000E+00	+2.00000E+00	+4.00000E-01
+4.23500E-01	+1.00000E+00	+2.00000E+00	+4.00000E-01
+4.24500E-01	+1.00000E+00	+2.00000E+00	+4.00000E-01
+4.25500E-01	+1.00000E+00	+2.00000E+00	+4.00000E-01
+4.26500E-01	+1.00000E+00	+2.00000E+00	+4.00000E-01
+4.27500E-01	+1.00000E+00	+2.00000E+00	+4.00000E-01
+4.28500E-01	+1.00000E+00	+2.00000E+00	+4.00000E-01
+4.29500E-01	+1.00000E+00	+2.00000E+00	+4.00000E-01
+4.30500E-01	+1.00000E+00	+2.00000E+00	+4.00000E-01
+4.31500E-01	+1.00000E+00	+2.00000E+00	+4.00000E-01
+4.32500E-01	+1.00000E+00	+2.00000E+00	+4.00000E-01
+4.33500E-01	+1.00000E+00	+2.00000E+00	+4.00000E-01
+4.34500E-01	+1.00000E+00	+2.00000E+00	+4.00000E-01
+4.35500E-01	+1.00000E+00	+2.00000E+00	+4.00000E-01
+4.36500E-01	+1.00000E+00	+2.00000E+00	+4.00000E-01
+4.37500E-01	+1.00000E+00	+2.00000E+00	+4.00000E-01
+4.38500E-01	+1.00000E+00	+2.00000E+00	+4.00000E-01
+4.39500E-01	+1.00000E+00	+2.00000E+00	+4.00000E-01
+4.40500E-01	+1.00000E+00	+2.00000E+00	+4.00000E-01
+4.41500E-01	+1.00000E+00	+2.00000E+00	+4.00000E-01
+4.42500E-01	+1.00000E+00	+2.00000E+00	+4.00000E-01
+4.43500E-01	+1.00000E+00	+2.00000E+00	+4.00000E-01
+4.44500E-01	+1.00000E+00	+2.00000E+00	+4.00000E-01
+4.45500E-01	+1.00000E+00	+2.00000E+00	+4.00000E-01
+4.46500E-01	+1.00000E+00	+2.00000E+00	+4.00000E-01
+4.47500E-01	+1.00000E+00	+2.00000E+00	+4.00000E-01
+4.48500E-01	+1.00000E+00	+2.00000E+00	+4.00000E-01
+4.49500E-01	+1.00000E+00	+2.00000E+00	+4.00000E-01
+4.50500E-01	+1.00000E+00	+2.00000E+00	+4.00000E-01
+4.51500E-01	+1.00000E+00	+2.00000E+00	+4.00000E-01
+4.52500E-01	+1.00000E+00	+2.00000E+00	+4.00000E-01
+4.53500E-01	+1.00000E+00	+2.00000E+00	+4.00000E-01
+4.54500E-01	+1.00000E+00	+2.00000E+00	+4.00000E-01
+4.55500E-01	+1.00000E+00	+2.00000E+00	+4.00000E-01
+4.56500E-01	+1.00000E+00	+2.00000E+00	+4.00000E-01
+4.57500E-01	+1.00000E+00	+2.00000E+00	+4.00000E-01
+4.58500E-01	+1.00000E+00	+2.00000E+00	+4.00000E-01
+4.59500E-01	+1.00000E+00	+2.00000E+00	+4.00000E-01
+4.60500E-01	+1.00000E+00	+2.00000E+00	+4.00000E-01
+4.61500E-01	+1.00000E+00	+2.00000E+00	+4.00000E-01
+4.62500E-01	+1.00000E+00	+2.00000E+00	+4.00000E-01
+4.63500E-01	+1.00000E+00	+2.00000E+00	+4.00000E-01
+4.64500E-01	+1.00000E+00	+2.00000E+00	+4.00000E-01
+4.65500E-01	+1.00000E+00	+2.00000E+00	+4.00000E-01
+4.66500E-01	+1.00000E+00	+2.00000E+00	+4.00000E-01
+4.67500E-01	+1.00000E+00	+2.00000E+00	+4.00000E-01
+4.68500E-01	+1.00000E+00	+2.00000E+00	+4.00000E-01
+4.69500E-01	+1.00000E+00	+2.00000E+00	+4.00000E-01
+4.70500E-01	+1.00000E+00	+2.00000E+00	+4.00000E-01
+4.71500E-01	+1.00000E+00	+2.00000E+00	+4.00000E-01
+4.72500E-01	+1.00000E+00	+2.00000E+00	+4.00000E-01
+4.73500E-01	+1.00000E+00	+2.00000E+00	+4.00000E-01
+4.74500E-01	+1.00000E+00	+2.00000E+00	+4.00000E-01
+4.75500E-01	+1.00000E+00	+2.00000E+00	+4.00000E-01
+4.76500E-01	+1.00000E+00	+2.00000E+00	+4.00000E-01
+4.77500E-01	+1.00000E+00	+2.00000E+00	+4.00000E-01
+4.78500E-01	+1.00000E+00	+2.00000E+00	+4.00000E-01
+4.79500E-01	+1.00000E+00	+2.00000E+00	+4.00000E-01
+4.80500E-01	+1.00000E+00	+2.00000E+00	+4.00000E-01
+4.81500E-01	+1.00000E+00	+2.00000E+00	+4.00000E-01
+4.82500E-01	+1.00000E+00	+2.00000E+00	+4.00000E-01
+4.83500E-01	+1.00000E+00	+2.00000E+00	+4.00000E-01
+4.84500E-01	+1.00000E+00	+2.00000E+00	+4.00000E-01
+4.85500E-01	+1.00000E+00	+2.00000E+00	+4.00000E-01
+4.86500E-01	+1.00000E+00	+2.00000E+00	+4.00000E-01
+4.87500E-01	+1.00000E+00	+2.00000E+00	+4.00000E-01
+4.88500E-01	+1.00000E+00	+2.00000E+00	+4.00000E-01
+4.89500E-01	+1.00000E+00	+2.00000E+00	+4.00000E-01
+4.90500E-01	+1.00000E+00	+2.00000E+00	+4.00000E-01
+4.91500E-01	+1.00000E+00	+2.00000E+00	+4.00000E-01
+4.92500E-01	+1.00000E+00	+2.00000E+00	+4.00000E-01
+4.93500E-01	+1.00000E+00	+2.00000E+00	+4.00000E-01
+4.94500E-01	+1.00000E+00	+2.00000E+00	+4.00000E-01
+4.95500E-01	+1.00000E+00	+2.00000E+00	+4.00000E-01
+4.96500E-01	+1.00000E+00	+2.00000E+00	+4.00000E-01
+4.97500E-01	+1.00000E+00	+2.00000E+00	+4.00000E-01
+4.98500E-01	+1.00000E+00	+2.00000E+00	+4.00000E-01
+4.99500E-01	+1.00000E+00	+2.00000E+00	+4.00000E-01
